C:\Python27\python.exe E:/Dokumente/8puzzle/slidepuzzle2.py
[[1, 6, 2], [3, 0, 5], [4, 7, 8]]
[[8, 5, 6], [2, 4, 3], [0, 1, 7]]
[[2, 6, 1], [4, 5, 8], [0, 3, 7]]
[[7, 5, 4], [8, 0, 3], [2, 6, 1]]
[[0, 4, 7], [3, 2, 8], [5, 1, 6]]
[[2, 1, 7], [4, 0, 3], [8, 6, 5]]
[[1, 7, 0], [5, 4, 3], [2, 6, 8]]
[[2, 5, 6], [4, 0, 8], [1, 7, 3]]
[[0, 5, 8], [7, 4, 6], [3, 1, 2]]
[[7, 5, 1], [4, 0, 8], [3, 6, 2]]
[[2, 6, 7], [1, 0, 4], [3, 8, 5]]
[[3, 8, 2], [4, 7, 6], [0, 1, 5]]
[[8, 1, 6], [2, 0, 3], [7, 4, 5]]
[[1, 7, 0], [6, 8, 3], [2, 5, 4]]
[[8, 6, 5], [7, 3, 1], [0, 4, 2]]
[[4, 3, 7], [1, 2, 8], [0, 5, 6]]
[[2, 5, 7], [1, 8, 6], [0, 3, 4]]
[[5, 7, 1], [8, 0, 4], [2, 3, 6]]
[[8, 7, 0], [1, 3, 2], [6, 5, 4]]
[[0, 4, 7], [8, 6, 5], [2, 1, 3]]
[[0, 3, 8], [4, 6, 5], [7, 1, 2]]
[[0, 8, 7], [4, 3, 5], [2, 1, 6]]
[[4, 6, 8], [2, 0, 7], [5, 3, 1]]
[[2, 3, 6], [7, 0, 1], [8, 5, 4]]
[[1, 7, 6], [2, 0, 5], [3, 4, 8]]
[[3, 1, 2], [4, 5, 7], [6, 8, 0]]
[[7, 6, 2], [8, 5, 1], [0, 3, 4]]
[[2, 4, 0], [3, 5, 6], [7, 1, 8]]
[[6, 5, 8], [1, 0, 2], [7, 4, 3]]
[[7, 1, 8], [4, 0, 5], [2, 3, 6]]
[[5, 1, 7], [2, 0, 6], [3, 8, 4]]
[[8, 6, 7], [5, 0, 2], [1, 4, 3]]
[[8, 5, 1], [4, 0, 7], [2, 6, 3]]
[[6, 7, 3], [4, 2, 1], [5, 8, 0]]
[[4, 7, 1], [2, 6, 8], [5, 3, 0]]
[[3, 4, 7], [6, 5, 2], [8, 1, 0]]
[[8, 1, 4], [2, 0, 6], [7, 3, 5]]
[[5, 7, 8], [2, 0, 6], [1, 4, 3]]
[[4, 1, 5], [2, 8, 7], [0, 6, 3]]
[[3, 5, 2], [6, 7, 4], [1, 8, 0]]
[[8, 4, 0], [3, 5, 2], [6, 7, 1]]
[[8, 6, 2], [5, 3, 1], [4, 7, 0]]
[[8, 7, 3], [4, 0, 6], [2, 1, 5]]
[[0, 6, 2], [4, 8, 5], [1, 7, 3]]
[[1, 8, 5], [3, 0, 4], [2, 6, 7]]
[[0, 1, 7], [2, 5, 8], [3, 6, 4]]
[[6, 1, 0], [7, 2, 4], [3, 8, 5]]
[[2, 1, 7], [3, 4, 8], [0, 5, 6]]
[[8, 3, 4], [1, 0, 7], [5, 2, 6]]
[[5, 2, 1], [4, 0, 8], [6, 7, 3]]
[[0, 3, 4], [1, 5, 8], [7, 6, 2]]
[[5, 7, 6], [3, 0, 4], [2, 8, 1]]
[[3, 1, 7], [8, 0, 5], [2, 6, 4]]
[[1, 3, 7], [5, 2, 8], [0, 4, 6]]
[[1, 7, 8], [6, 2, 4], [0, 3, 5]]
[[7, 1, 0], [6, 2, 4], [3, 5, 8]]
[[4, 5, 6], [2, 1, 7], [0, 3, 8]]
[[6, 1, 3], [8, 5, 4], [2, 7, 0]]
[[4, 8, 6], [5, 0, 7], [1, 2, 3]]
[[2, 1, 4], [5, 0, 3], [6, 7, 8]]
[[5, 3, 1], [2, 4, 8], [0, 7, 6]]
[[7, 5, 1], [3, 0, 2], [6, 8, 4]]
[[6, 3, 7], [5, 4, 2], [1, 8, 0]]
[[3, 2, 0], [6, 8, 5], [7, 4, 1]]
[[7, 4, 8], [1, 5, 3], [2, 6, 0]]
[[3, 5, 4], [1, 0, 6], [8, 7, 2]]
[[3, 4, 0], [5, 2, 7], [1, 6, 8]]
[[5, 8, 3], [1, 0, 4], [6, 7, 2]]
[[2, 4, 8], [5, 1, 7], [0, 6, 3]]
[[0, 6, 5], [3, 1, 4], [7, 2, 8]]
[[2, 1, 5], [3, 0, 7], [6, 8, 4]]
[[2, 7, 8], [1, 4, 6], [5, 3, 0]]
[[0, 5, 6], [8, 4, 7], [1, 2, 3]]
[[3, 8, 2], [1, 0, 5], [7, 6, 4]]
[[0, 3, 2], [6, 4, 7], [8, 1, 5]]
[[0, 5, 3], [4, 6, 1], [2, 8, 7]]
[[3, 1, 2], [8, 0, 4], [6, 5, 7]]
[[3, 2, 6], [7, 4, 1], [8, 5, 0]]
[[7, 4, 5], [1, 0, 3], [6, 8, 2]]
[[1, 5, 6], [8, 4, 7], [0, 3, 2]]
[[4, 7, 8], [2, 0, 6], [3, 5, 1]]
[[4, 7, 0], [1, 5, 3], [2, 6, 8]]
[[3, 7, 1], [8, 0, 2], [4, 5, 6]]
[[7, 1, 0], [5, 6, 8], [2, 3, 4]]
[[3, 7, 8], [5, 0, 6], [1, 4, 2]]
[[3, 1, 5], [6, 4, 7], [0, 8, 2]]
[[3, 5, 0], [8, 2, 4], [7, 6, 1]]
[[0, 3, 4], [2, 6, 7], [1, 5, 8]]
[[7, 3, 5], [1, 2, 6], [8, 4, 0]]
[[5, 6, 4], [1, 0, 8], [2, 7, 3]]
[[7, 6, 0], [4, 1, 2], [8, 5, 3]]
[[5, 2, 4], [8, 0, 7], [3, 1, 6]]
[[2, 1, 0], [3, 4, 5], [8, 6, 7]]
[[4, 1, 5], [3, 2, 8], [7, 6, 0]]
[[7, 6, 1], [8, 5, 4], [0, 3, 2]]
[[7, 6, 1], [3, 8, 4], [5, 2, 0]]
[[5, 2, 6], [7, 0, 8], [1, 4, 3]]
[[4, 3, 6], [1, 8, 2], [5, 7, 0]]
[[7, 3, 6], [2, 0, 5], [4, 8, 1]]
[[0, 1, 3], [2, 6, 4], [8, 5, 7]]
starting with 100 runs
start A* manhatten distance
solved in 40.1629998684s; expanded nodes: 759 path length: 21
start A* missplaced tiles
solved in 11669.329s; expanded nodes: 10603 path length: 21
start Greedy manhatten distance
solved in 4.27300000191s; expanded nodes: 244 path length: 55
start Greedy misplaced tiles
solved in 17.4739999771s; expanded nodes: 601 path length: 79
start Bredth-First
solved in 713.776000023s; expanded nodes: 82468 path length: 20
start Depth-First
solved in 1039.58400011s; expanded nodes: 137160 path length: 81637
finished
