C:\Python27\python.exe E:/Dokumente/8puzzle/slidepuzzle2.py
[[1, 4, 7], [3, 2, 6], [8, 5, 0]]
[[1, 7, 5], [3, 2, 4], [6, 8, 0]]
[[2, 1, 8], [3, 7, 4], [0, 5, 6]]
[[2, 1, 4], [6, 0, 7], [5, 3, 8]]
[[1, 7, 8], [2, 0, 5], [3, 6, 4]]
[[4, 7, 8], [1, 5, 6], [0, 2, 3]]
[[3, 1, 7], [6, 4, 5], [0, 2, 8]]
[[0, 2, 7], [4, 6, 5], [1, 3, 8]]
[[1, 7, 8], [3, 4, 6], [5, 2, 0]]
[[2, 1, 0], [3, 5, 7], [6, 4, 8]]
[[1, 4, 7], [3, 2, 6], [8, 5, 0]]
[[0, 2, 7], [3, 1, 5], [6, 4, 8]]
[[5, 1, 7], [4, 0, 8], [2, 3, 6]]
[[4, 2, 7], [1, 0, 6], [3, 8, 5]]
[[2, 1, 5], [3, 7, 4], [0, 6, 8]]
[[2, 1, 7], [3, 5, 8], [6, 4, 0]]
[[2, 1, 5], [3, 7, 4], [0, 6, 8]]
[[4, 8, 5], [1, 0, 7], [2, 3, 6]]
[[4, 2, 7], [3, 1, 5], [0, 6, 8]]
[[1, 4, 7], [3, 5, 8], [0, 6, 2]]
[[5, 1, 7], [2, 4, 8], [3, 6, 0]]
[[1, 3, 4], [5, 0, 7], [2, 6, 8]]
[[5, 4, 0], [1, 6, 7], [2, 3, 8]]
[[1, 4, 7], [6, 3, 2], [0, 8, 5]]
[[4, 6, 0], [1, 5, 7], [2, 3, 8]]
[[1, 4, 7], [3, 2, 6], [8, 5, 0]]
[[1, 5, 4], [3, 0, 2], [6, 8, 7]]
[[0, 1, 5], [2, 6, 4], [3, 8, 7]]
[[0, 1, 7], [3, 4, 2], [5, 6, 8]]
[[2, 1, 4], [5, 7, 8], [0, 3, 6]]
[[1, 2, 4], [3, 0, 7], [6, 8, 5]]
[[0, 7, 8], [1, 4, 6], [2, 3, 5]]
[[4, 5, 0], [1, 3, 7], [2, 6, 8]]
[[4, 7, 8], [1, 0, 6], [2, 5, 3]]
[[3, 1, 7], [4, 0, 8], [5, 2, 6]]
[[3, 1, 7], [5, 4, 8], [0, 2, 6]]
[[4, 7, 8], [1, 0, 6], [2, 5, 3]]
[[2, 4, 7], [5, 0, 1], [3, 6, 8]]
[[2, 7, 5], [4, 0, 1], [3, 6, 8]]
[[4, 7, 8], [1, 5, 6], [0, 2, 3]]
[[1, 6, 0], [2, 7, 4], [3, 8, 5]]
[[2, 1, 4], [5, 0, 6], [3, 8, 7]]
[[1, 6, 5], [2, 0, 4], [3, 8, 7]]
[[2, 1, 4], [3, 7, 8], [6, 5, 0]]
[[0, 1, 7], [3, 4, 2], [6, 8, 5]]
[[4, 5, 7], [2, 1, 8], [3, 6, 0]]
[[2, 1, 0], [3, 5, 4], [6, 8, 7]]
[[1, 4, 7], [5, 0, 8], [2, 3, 6]]
[[4, 5, 7], [2, 1, 8], [3, 6, 0]]
[[0, 5, 7], [4, 3, 8], [1, 2, 6]]
[[5, 1, 7], [2, 0, 8], [3, 4, 6]]
[[0, 2, 4], [3, 1, 7], [6, 5, 8]]
[[2, 7, 8], [4, 1, 6], [3, 5, 0]]
[[0, 4, 8], [1, 7, 5], [2, 3, 6]]
[[4, 7, 5], [1, 2, 8], [0, 3, 6]]
[[1, 7, 5], [4, 0, 8], [2, 3, 6]]
[[0, 7, 8], [4, 1, 5], [2, 3, 6]]
[[2, 1, 0], [3, 7, 4], [6, 5, 8]]
[[1, 4, 7], [8, 0, 6], [5, 2, 3]]
[[0, 7, 5], [1, 6, 4], [2, 3, 8]]
[[0, 1, 4], [3, 2, 7], [6, 8, 5]]
[[2, 4, 0], [3, 1, 7], [6, 5, 8]]
[[1, 8, 4], [2, 7, 6], [0, 3, 5]]
[[1, 4, 0], [6, 5, 7], [2, 3, 8]]
[[4, 2, 7], [1, 0, 6], [3, 8, 5]]
[[2, 1, 4], [3, 7, 8], [6, 5, 0]]
[[4, 5, 7], [1, 0, 6], [2, 8, 3]]
[[2, 5, 1], [4, 0, 7], [3, 6, 8]]
[[2, 1, 7], [4, 8, 6], [0, 3, 5]]
[[4, 2, 7], [1, 0, 6], [3, 8, 5]]
[[2, 7, 0], [3, 1, 5], [6, 4, 8]]
[[1, 8, 4], [3, 2, 7], [5, 6, 0]]
[[4, 6, 0], [1, 5, 7], [2, 3, 8]]
[[4, 8, 5], [1, 0, 7], [2, 3, 6]]
[[2, 1, 7], [3, 8, 6], [5, 4, 0]]
[[2, 1, 7], [4, 0, 8], [3, 5, 6]]
[[1, 5, 4], [3, 0, 2], [6, 8, 7]]
[[0, 1, 4], [2, 5, 8], [3, 7, 6]]
[[0, 5, 4], [1, 2, 8], [3, 7, 6]]
[[1, 7, 8], [4, 0, 6], [2, 3, 5]]
[[0, 1, 5], [2, 6, 4], [3, 8, 7]]
[[1, 7, 8], [2, 0, 4], [3, 5, 6]]
[[4, 7, 0], [1, 3, 8], [5, 2, 6]]
[[4, 7, 8], [1, 0, 6], [2, 5, 3]]
[[1, 4, 7], [3, 8, 2], [6, 5, 0]]
[[2, 7, 1], [5, 0, 4], [3, 6, 8]]
[[4, 7, 8], [1, 2, 6], [0, 3, 5]]
[[0, 1, 8], [2, 7, 6], [3, 4, 5]]
[[2, 4, 7], [5, 1, 8], [3, 6, 0]]
[[2, 1, 4], [8, 5, 7], [3, 6, 0]]
[[1, 5, 0], [2, 8, 4], [3, 7, 6]]
[[1, 5, 4], [6, 0, 7], [2, 3, 8]]
[[0, 2, 1], [5, 7, 4], [3, 6, 8]]
[[0, 7, 8], [1, 5, 4], [2, 3, 6]]
[[2, 1, 4], [5, 0, 8], [3, 7, 6]]
[[4, 2, 7], [3, 1, 8], [5, 6, 0]]
[[0, 7, 8], [1, 2, 6], [3, 4, 5]]
[[2, 1, 0], [3, 5, 7], [6, 4, 8]]
[[1, 7, 5], [3, 0, 4], [6, 2, 8]]
[[2, 7, 5], [4, 1, 8], [3, 6, 0]]
starting with 100 runs
start A* manhatten distance
solved in 0.170000076294s; expanded nodes: 17 path length: 10
start A* missplaced tiles
solved in 0.31500005722s; expanded nodes: 35 path length: 10
start Greedy manhatten distance
solved in 0.638999938965s; expanded nodes: 47 path length: 16
start Greedy misplaced tiles
solved in 3.77999997139s; expanded nodes: 185 path length: 29
start Bredth-First
solved in 6.27399992943s; expanded nodes: 951 path length: 9
start Depth-First
solved in 1122.24000001s; expanded nodes: 138653 path length: 80248
finished
