C:\Python27\python.exe E:/Dokumente/8puzzle/slidepuzzle2.py
[[4, 0, 7], [1, 5, 8], [2, 3, 6]]
[[1, 4, 7], [3, 2, 8], [5, 0, 6]]
[[4, 0, 7], [1, 5, 8], [2, 3, 6]]
[[2, 1, 7], [0, 4, 5], [3, 6, 8]]
[[1, 0, 4], [2, 8, 7], [3, 5, 6]]
[[1, 0, 7], [5, 4, 8], [2, 3, 6]]
[[1, 7, 5], [2, 4, 0], [3, 6, 8]]
[[1, 4, 7], [5, 8, 0], [2, 3, 6]]
[[1, 4, 7], [3, 2, 5], [6, 0, 8]]
[[2, 1, 4], [0, 5, 7], [3, 6, 8]]
[[2, 1, 7], [0, 4, 8], [3, 5, 6]]
[[4, 0, 7], [1, 5, 8], [2, 3, 6]]
[[4, 0, 7], [1, 2, 8], [3, 5, 6]]
[[2, 1, 7], [0, 4, 5], [3, 6, 8]]
[[1, 5, 4], [2, 7, 0], [3, 6, 8]]
[[4, 0, 7], [1, 5, 8], [2, 3, 6]]
[[1, 4, 7], [3, 2, 8], [5, 0, 6]]
[[4, 0, 7], [1, 5, 8], [2, 3, 6]]
[[4, 0, 7], [1, 2, 8], [3, 5, 6]]
[[1, 5, 4], [0, 2, 7], [3, 6, 8]]
[[1, 4, 7], [5, 8, 0], [2, 3, 6]]
[[1, 4, 7], [2, 6, 0], [3, 8, 5]]
[[1, 4, 7], [5, 8, 0], [2, 3, 6]]
[[4, 0, 7], [1, 2, 5], [3, 6, 8]]
[[1, 4, 7], [3, 2, 5], [6, 0, 8]]
[[2, 1, 4], [0, 5, 7], [3, 6, 8]]
[[4, 0, 7], [1, 5, 8], [2, 3, 6]]
[[1, 7, 5], [2, 4, 0], [3, 6, 8]]
[[1, 4, 7], [2, 6, 0], [3, 8, 5]]
[[2, 1, 7], [0, 4, 8], [3, 5, 6]]
[[1, 7, 8], [2, 4, 0], [3, 5, 6]]
[[1, 4, 7], [5, 3, 8], [2, 0, 6]]
[[1, 5, 4], [2, 7, 0], [3, 6, 8]]
[[4, 0, 7], [1, 5, 8], [2, 3, 6]]
[[1, 4, 7], [3, 2, 5], [6, 0, 8]]
[[1, 5, 4], [2, 6, 7], [3, 0, 8]]
[[1, 4, 7], [2, 6, 0], [3, 8, 5]]
[[1, 4, 7], [2, 6, 0], [3, 8, 5]]
[[2, 1, 4], [0, 5, 7], [3, 6, 8]]
[[1, 5, 4], [2, 6, 7], [3, 0, 8]]
[[4, 0, 7], [1, 5, 8], [2, 3, 6]]
[[4, 0, 7], [1, 2, 8], [3, 5, 6]]
[[1, 4, 7], [5, 8, 0], [2, 3, 6]]
[[1, 4, 7], [5, 3, 8], [2, 0, 6]]
[[4, 0, 7], [1, 5, 8], [2, 3, 6]]
[[4, 0, 7], [1, 2, 5], [3, 6, 8]]
[[1, 5, 4], [2, 6, 7], [3, 0, 8]]
[[4, 0, 7], [1, 2, 8], [3, 5, 6]]
[[4, 0, 7], [1, 5, 8], [2, 3, 6]]
[[2, 1, 4], [0, 5, 7], [3, 6, 8]]
[[4, 0, 7], [1, 5, 8], [2, 3, 6]]
[[1, 4, 7], [2, 6, 0], [3, 8, 5]]
[[2, 1, 7], [0, 4, 5], [3, 6, 8]]
[[4, 0, 7], [1, 2, 8], [3, 5, 6]]
[[1, 4, 7], [3, 2, 5], [6, 0, 8]]
[[1, 4, 7], [2, 6, 0], [3, 8, 5]]
[[1, 5, 4], [0, 2, 7], [3, 6, 8]]
[[1, 4, 7], [5, 3, 8], [2, 0, 6]]
[[1, 7, 5], [2, 4, 0], [3, 6, 8]]
[[1, 5, 4], [0, 2, 7], [3, 6, 8]]
[[1, 0, 7], [5, 4, 8], [2, 3, 6]]
[[1, 7, 8], [2, 4, 0], [3, 5, 6]]
[[4, 0, 7], [1, 2, 5], [3, 6, 8]]
[[1, 0, 7], [5, 4, 8], [2, 3, 6]]
[[1, 5, 4], [0, 2, 7], [3, 6, 8]]
[[1, 4, 7], [2, 6, 0], [3, 8, 5]]
[[1, 4, 7], [3, 2, 5], [6, 0, 8]]
[[2, 1, 4], [0, 5, 7], [3, 6, 8]]
[[1, 4, 7], [2, 6, 0], [3, 8, 5]]
[[1, 0, 7], [5, 4, 8], [2, 3, 6]]
[[1, 4, 7], [5, 3, 8], [2, 0, 6]]
[[2, 1, 7], [0, 4, 5], [3, 6, 8]]
[[1, 0, 4], [2, 8, 7], [3, 5, 6]]
[[1, 4, 7], [5, 3, 8], [2, 0, 6]]
[[4, 0, 7], [1, 2, 5], [3, 6, 8]]
[[4, 0, 7], [1, 5, 8], [2, 3, 6]]
[[1, 4, 7], [2, 8, 6], [3, 0, 5]]
[[1, 4, 7], [2, 8, 6], [3, 0, 5]]
[[1, 4, 7], [3, 2, 8], [5, 0, 6]]
[[2, 1, 4], [0, 5, 7], [3, 6, 8]]
[[4, 0, 7], [1, 5, 8], [2, 3, 6]]
[[2, 1, 4], [0, 5, 7], [3, 6, 8]]
[[1, 4, 7], [5, 3, 8], [2, 0, 6]]
[[1, 5, 4], [0, 2, 7], [3, 6, 8]]
[[1, 0, 7], [5, 4, 8], [2, 3, 6]]
[[1, 7, 5], [2, 4, 0], [3, 6, 8]]
[[1, 0, 4], [2, 8, 7], [3, 5, 6]]
[[2, 1, 4], [0, 5, 7], [3, 6, 8]]
[[2, 1, 7], [0, 4, 8], [3, 5, 6]]
[[4, 0, 7], [1, 2, 8], [3, 5, 6]]
[[1, 5, 4], [2, 6, 7], [3, 0, 8]]
[[4, 0, 7], [1, 2, 5], [3, 6, 8]]
[[1, 5, 4], [0, 2, 7], [3, 6, 8]]
[[2, 1, 4], [0, 5, 7], [3, 6, 8]]
[[1, 5, 4], [2, 7, 0], [3, 6, 8]]
[[1, 0, 4], [2, 8, 7], [3, 5, 6]]
[[1, 4, 7], [2, 8, 6], [3, 0, 5]]
[[1, 7, 8], [2, 4, 0], [3, 5, 6]]
[[1, 4, 7], [3, 2, 5], [6, 0, 8]]
[[1, 0, 4], [2, 8, 7], [3, 5, 6]]
starting with 100 runs
start A* manhatten distance
solved in 0.055999994278s; expanded nodes: 6 path length: 6
start A* missplaced tiles
solved in 0.0460000038147s; expanded nodes: 6 path length: 6
start Greedy manhatten distance
solved in 0.0499999523163s; expanded nodes: 6 path length: 6
start Greedy misplaced tiles
solved in 0.0450000762939s; expanded nodes: 6 path length: 6
start Bredth-First
solved in 0.477999925613s; expanded nodes: 77 path length: 5
start Depth-First
solved in 789.996000051s; expanded nodes: 100075 path length: 51515
finished

Process finished with exit code 0
