C:\Python27\python.exe E:/Dokumente/8puzzle/slidepuzzle2.py
[[7, 2, 8], [0, 4, 6], [1, 3, 5]]
[[5, 4, 7], [0, 1, 6], [3, 8, 2]]
[[2, 4, 8], [3, 1, 0], [6, 7, 5]]
[[3, 2, 1], [4, 7, 0], [5, 6, 8]]
[[7, 0, 8], [4, 1, 3], [2, 6, 5]]
[[2, 1, 7], [8, 4, 5], [3, 0, 6]]
[[1, 0, 7], [6, 4, 5], [2, 3, 8]]
[[3, 0, 4], [1, 2, 5], [6, 8, 7]]
[[1, 4, 7], [0, 6, 3], [8, 5, 2]]
[[6, 1, 7], [4, 3, 0], [2, 8, 5]]
[[3, 2, 1], [5, 8, 7], [4, 0, 6]]
[[2, 7, 1], [0, 6, 4], [3, 8, 5]]
[[4, 0, 7], [2, 8, 5], [1, 3, 6]]
[[1, 4, 7], [0, 8, 6], [3, 5, 2]]
[[1, 4, 6], [0, 5, 7], [2, 3, 8]]
[[2, 4, 1], [3, 7, 5], [6, 0, 8]]
[[1, 4, 7], [0, 8, 5], [3, 2, 6]]
[[2, 1, 4], [6, 8, 3], [5, 0, 7]]
[[1, 0, 8], [2, 7, 4], [3, 5, 6]]
[[5, 0, 1], [3, 7, 4], [2, 6, 8]]
[[1, 7, 4], [2, 8, 0], [5, 3, 6]]
[[5, 0, 8], [4, 7, 6], [2, 1, 3]]
[[1, 4, 5], [2, 3, 0], [6, 8, 7]]
[[6, 1, 5], [0, 3, 4], [2, 8, 7]]
[[1, 8, 4], [0, 3, 6], [7, 2, 5]]
[[4, 7, 8], [0, 2, 3], [1, 5, 6]]
[[3, 1, 4], [8, 7, 0], [5, 2, 6]]
[[1, 8, 7], [2, 5, 0], [3, 4, 6]]
[[1, 2, 5], [6, 3, 4], [8, 0, 7]]
[[2, 8, 1], [3, 4, 0], [5, 6, 7]]
[[1, 0, 4], [2, 3, 8], [6, 7, 5]]
[[3, 2, 4], [0, 1, 7], [8, 6, 5]]
[[1, 7, 6], [5, 4, 0], [2, 8, 3]]
[[3, 2, 7], [5, 1, 4], [6, 0, 8]]
[[8, 0, 7], [1, 4, 5], [2, 3, 6]]
[[2, 5, 7], [0, 1, 4], [3, 6, 8]]
[[1, 7, 8], [0, 6, 3], [5, 2, 4]]
[[5, 7, 8], [1, 4, 0], [3, 2, 6]]
[[7, 2, 5], [1, 6, 4], [3, 0, 8]]
[[5, 2, 1], [3, 7, 0], [6, 8, 4]]
[[2, 7, 8], [5, 3, 1], [4, 0, 6]]
[[4, 7, 8], [5, 2, 0], [1, 3, 6]]
[[1, 0, 8], [2, 5, 4], [3, 6, 7]]
[[7, 2, 8], [1, 6, 0], [3, 4, 5]]
[[8, 4, 7], [1, 5, 6], [2, 0, 3]]
[[3, 1, 7], [5, 4, 0], [6, 8, 2]]
[[4, 7, 5], [6, 1, 3], [2, 0, 8]]
[[1, 4, 7], [0, 3, 8], [2, 6, 5]]
[[4, 0, 8], [1, 7, 6], [5, 3, 2]]
[[8, 1, 5], [0, 4, 7], [2, 3, 6]]
[[1, 4, 5], [2, 3, 0], [6, 8, 7]]
[[8, 4, 7], [1, 5, 0], [3, 6, 2]]
[[1, 8, 4], [0, 7, 6], [3, 5, 2]]
[[3, 0, 1], [5, 4, 7], [2, 6, 8]]
[[1, 7, 2], [3, 6, 4], [5, 0, 8]]
[[2, 1, 4], [8, 7, 0], [3, 5, 6]]
[[8, 1, 7], [2, 4, 6], [3, 0, 5]]
[[2, 7, 4], [3, 6, 1], [5, 0, 8]]
[[2, 7, 8], [5, 4, 0], [3, 1, 6]]
[[3, 0, 1], [5, 2, 4], [6, 8, 7]]
[[7, 5, 8], [4, 2, 6], [1, 0, 3]]
[[2, 1, 7], [5, 3, 0], [6, 8, 4]]
[[3, 1, 4], [5, 8, 2], [6, 0, 7]]
[[5, 4, 7], [2, 1, 6], [3, 0, 8]]
[[5, 2, 7], [4, 6, 1], [3, 0, 8]]
[[2, 1, 4], [5, 3, 8], [6, 0, 7]]
[[3, 2, 1], [5, 8, 4], [6, 0, 7]]
[[4, 0, 7], [2, 1, 8], [5, 3, 6]]
[[1, 4, 7], [2, 8, 5], [6, 0, 3]]
[[1, 0, 4], [2, 8, 5], [3, 6, 7]]
[[2, 5, 7], [0, 3, 8], [4, 1, 6]]
[[2, 5, 1], [3, 8, 0], [6, 7, 4]]
[[1, 7, 8], [0, 4, 6], [3, 5, 2]]
[[1, 7, 5], [2, 6, 8], [4, 0, 3]]
[[7, 6, 5], [0, 4, 2], [1, 3, 8]]
[[2, 4, 8], [0, 5, 1], [3, 7, 6]]
[[3, 5, 4], [0, 1, 7], [2, 6, 8]]
[[4, 0, 8], [1, 7, 3], [2, 6, 5]]
[[7, 5, 8], [1, 4, 2], [3, 0, 6]]
[[3, 2, 1], [6, 5, 4], [8, 0, 7]]
[[8, 1, 5], [4, 3, 7], [2, 0, 6]]
[[1, 0, 8], [3, 2, 4], [5, 6, 7]]
[[7, 8, 2], [4, 1, 6], [3, 0, 5]]
[[1, 4, 8], [3, 2, 0], [5, 7, 6]]
[[2, 4, 8], [3, 1, 0], [6, 7, 5]]
[[8, 2, 4], [1, 5, 0], [3, 6, 7]]
[[1, 4, 5], [2, 7, 6], [3, 0, 8]]
[[3, 1, 4], [6, 7, 0], [2, 5, 8]]
[[4, 7, 6], [0, 2, 5], [1, 3, 8]]
[[4, 6, 7], [0, 1, 5], [3, 8, 2]]
[[4, 7, 5], [0, 8, 6], [1, 3, 2]]
[[5, 7, 8], [3, 1, 0], [4, 2, 6]]
[[4, 7, 8], [3, 5, 6], [1, 0, 2]]
[[3, 2, 7], [5, 1, 0], [4, 6, 8]]
[[1, 7, 5], [8, 6, 0], [2, 3, 4]]
[[7, 8, 6], [4, 5, 0], [1, 2, 3]]
[[4, 7, 8], [2, 1, 0], [5, 3, 6]]
[[1, 7, 8], [0, 4, 6], [2, 3, 5]]
[[1, 0, 5], [2, 6, 4], [3, 8, 7]]
[[2, 1, 4], [0, 6, 8], [3, 5, 7]]
starting with 100 runs
start A* manhatten distance
solved in 0.930999994278s; expanded nodes: 76 path length: 15
start A* missplaced tiles
solved in 4.75300002098s; expanded nodes: 315 path length: 15
start Greedy manhatten distance
solved in 2.58200001717s; expanded nodes: 155 path length: 32
start Greedy misplaced tiles
solved in 14.1489999294s; expanded nodes: 518 path length: 58
start Bredth-First
solved in 57.6659998894s; expanded nodes: 8810 path length: 14
start Depth-First
solved in 980.903000116s; expanded nodes: 132696 path length: 79103
finished
